abstitit

abstitit IV 347 ιι. 4945. 4965.

abstraxit 256 5. 3275. 3475. 5125.
1v 1845. abstractum 2645.

abstulit 2145. 247 ιι. 2685 (2). 5.
2695. 5(2). 2715. 2855. 3265
(2). 394 5. 4565. 11 45. 325.
57 5. 975. 1005. 1385. 173 5.
1745. 2105. 2625 (2). 279 5.
291 5. 473 5. 111 65 5. 705.
100 5. 105 ιι. 241 5. 2595 (2).
464 5. 476 ιι. 478 5. IV 85.
124 5 (2). 126 5. 5 (2). 128 a.
1345. 1380. 1475. 1840. 191⁶.
1935. 1945. 2065. 2895. 3415.
3545. 4055. 4085. 4525. 5045.
ablatus f. 214 5. 3265 (2). 11
174 5. ablatus IV 5045.

absumsit 285. 465. 47 5. 198 5.
2055. 2935. 11 1015. 1955.
lv 905. 1165. 3345. 4045. ab-
aumtus f. 475. 2055. lv 595.
2565. absumtus 2935.

absurde loquens 11 3945.

absurdus 4445. 4455. 4475. lv

abundantia 105 5. 113 5. 431 5.
4665. 11 2145. 2365. 2405.
4425. 111 175. 3565. 3865.
397 5. lv 487 b (2).

abundavit 65. 12 a. 225. 26 5.
275. 96 5. 1085. 1105 (2). 1175.
1415. 1575. 1685. 179 a. 1875.
190 a (2). 213 5. 5 (3). 215 5.
2175 (2). 221 b. 27oa. 3075.
3225. 332 5. 333 ιι. 11 175.
1165. 221 ιι(2). 2535(2). 2805.
395 5. 111 23 5. 30 ιι. 273 5.
2935. 3785. 4355. 1V4871». ab·
undans 11 221 5(2). 237 5. 2385.
2405 (2). 2535 (2). 111 259 ιι.
2615. 2935. lv 1475. 3965.
4805. 4875 (3).

abunde lv 487 5.

abyssus 11 416 5. 111 1755. 244 5.
lV 875. 204 5.

acacia 11 365 5. 111 63 a.

acathos lV 5205.

acceleravit 65 5 (2). 89 5. 121 5.
256 5. 354 a. 421 5. 11 655.
1455. 2195. 2205. 2385. 262 5.
3095. -ι- 111 1151». 22211. 262⁶.
3365. 4435. lv 3805. 3825.
423 5. 469 5. 470 5. accelerans
895. 11 65 5. acceleratus 11
220 5. 111 115 5. 222 5. IV
249 5.

accendit 14 5. 305 (2). 221 5 (2).
2475. 3615. 382 a. 3835. 11
385. 285 5. 2865. 3005. 3175.
322 ιι. 386 5. 392 5. 429 ιι. 5.
5075. 111175. 185. 315. 3895.
429 5. iv 73 ιι. 109 5. 128 5.
2445. 491554- 5105. accen-
sus f. 145 (2). 165. 245. 465.
2215(2). 3565. 111 3095. IV
4605. accensus 11 286 5. 111
17 b (3). IV 491 5.

accensio 305. 11 3875. 111 17 5.

accensuit 111 117 5. 1v 89 ιι.

accepit 17 5. ἦ· 185. 225. 535.
96 ιι (4). 98 5. 122 ιι. 127 ιι.
1475. 1525. 1725. 186 5. 2305.
276 5. 277 a. 416 5. 5. 4685.
5365. 11 155. 315. 745. 895.
136 5. 145 ιι. 5. 245 5. 2925.

530

3285. 3465. 525 5. 111 179 5.
185 5. 255 5. 389 5. 393 5. †
lv 50 ιι. 91 5. 118 a. 121 ιι.
226 5. 2885. 3025. 3305. 3545.
363 ιι. 523 5. accipiens 23 5.
11 155. 1695. 111 394 a. ac-
ceptus 2305. 2775. 11 442 5.
111 665. 395 ιι.

acceptavit 111 3935. † 5.

accessit 315. 325. 535. 2305. 2375.
2425. 2475. 4445. 4455. 4605.
5175. 5. 5365. 11205. 355. 435.
505. 625. 745. 845. 1455 (3).
1905. 211 5. 2275. 2295. 2335.
2495. 2635. 3635. 3775. 38οα.
391 ιι. 4705. 111 105. 54 5. 645.
775. 137 ιι. 1475. 1485. 1875 (2).
2³50. 3935. † 4035. maa. b.
414 5. 417 5. 418 a. 5. 430 5.
517 5. IV 25. 115. 135. 515.
1075. 1215. 1245. 2455. 267 5.
3495. 3665. 4005. 4055. 4145.
445 ιι. 4505. 4545. 4875. 511 ιι.
accedens 11 4705. IV 487 a.

accgssio 325. 595. 113 b. 11 2695

accessus 12 a. 111 3375.

accessus (Subst.) IV 4555.

accidit 115. 275. 805. 173 5. 2715.
272 5. 352 ιι. 5. 353 α (2). 4055.
11 675.124ιι.1265.4855. 5235.
5305. 5(2). 111 595. 1365. 5. †

137a.† 1385(2). 2265. 2355. acetum 7a 5095. 5. 5105. 11 2485. 3505. 8725.

2³6a.4610.1'v 35. 725. † 5.

785. 1645. 2685. 2775. 3765.

437 5. 4895. 4945. † accidens

3535(2). 4065(2). 11 5305. 5

(2). 111 1385 (2). 4615. IV
4375. 4895.

accinxit 111 1365. -— se 215. 515.
945. 111 3975. 4645. lV 615.
695. 2385. 2975. 4035. 4685.
accinctus f. 21 5. .

accipiter 95. 7954· 1195. 125 5.
1715. 174 5. 1955. 2555. 2985.
351 b. 3605. 5015. 11 2345.
2505. 261 ιι. 2675. 3025. 3035
(6). 324 5. 3275. 3745(2). 5075.
111 785. 282 5. 4695 (2). IV
245. 925. 1255. 1885. 3445.
455 ιι. 469 5. 525 5.

accipitrarius 119 5. 11 508 a.

accisus 4665.

acclamavit ll 530 5. 535 5.
3585. 383 b. 4165.

acclinavit 11 188 5 (2).

acclivis 5711. 11 4985.5. 111 5065.

acclivitas 231 5.

accola 3935. 3945.

accoluit 393 5.

accommodavit 265. 111 795. 2805.
lv 215 5. 318 5. 462 5. 4805.
-- se 11 1745. accommodans se
111 5005. lV 130 5. accommo-
datus 11 106 ιι. 184 5. 111 2805.

accordavit lv 488 5.

accrementum 11 104 5.

accrescens 111 4895 (2).

accubitum 195 5. lV 4645.

accubitus 111 47 5.

accumbens lv 4985.

accumulavit 134 ιι. 5. 111 148 ιι.
191 5. 199 5. 2595 (2). IV 175.
53 5. 69 ιι. accumulatus f. 134 5.
11 25. 1135. 1295. 1615. 1965.
111 191 b. 199 5. accumulatus

1v

85 5. 134 ιι. 11 1835. isca.
1v 175. 315. 485. 705.
accurate 3005. - adnotavit 2095.
Bsdedit 2095. 4045. - tecit
ιι
accurrit 945.
accusator falsus IV 1845.
accusavit 11 319a.† 4565. 111
2611. 4305(2). 461 ιι. lv 2955.
1 a.
acer 182 ιι. 222 5 (2). 271 5 (2).
290⁶ (4). sica. 3515. 358 a.

368 5. 369 5. 419 ιι. 4265 (2).

442 5. 11 34 5 (2). 895. 91 ιι. 5
(2). 462 a (2). 511 5. 512 ιι (4).
516 ιι. 518 ιι. 520 5. 521 a (4).
111 435. 845 (2). 110 ιι. 1565.

2295. 2645. 2915. 3135. 4255.

456 5. 496 5. 511 5. lv 975 (2).
985. 995. 1275 (2).5. 1315.
1745. 2495. 2585. 2645. 2985.
3885 (2)· 3895. 3975. 4085.
5105. 5125. - f. 3585. 11
915.5(2). 4625.1111565.1Ὑ
5105.

acerbe 1v 243 5.

acerbitas 111 185 5.

acerbus 111 185 5.

acerra 905.

acervus 176 5. 11 715. 1885. 111
1465. 5. lV 695. 4365. 4785.

acetabulum 46 5. 2215.

achillaea 111 5225.

acidus 222 5. 374 5. 427 a (3).
5265. 11 2055. 4525. 1114665.
467 5. lv 1865. 1875(3). 1975
(2). 3235. —- i'. 185. 427581).
5095. 11 5075. 5085. 5225.
111 1055. lv 187 5. 2305. 2975.
{gistum redd. 427 5. acidior 111

acies 385. 955. 1395. 159 5. 2465.
261 5 (2). 267 ιι. 296 5. 350 5.
351 ιι. 3685. 380 5. 422 5. 11
805. 835. 91 ιι. 193 5. 1995.
202 5. 3155 (2). 3925. 4345.
5015. 111 25. 135 (2)5. 2645.
266 5. 5. 435 5. 436 ιι (3). 438 5.
lV 385. 445 (2). 3565.

acinus 331 ιι. 111 227 5. 353 5.
356 5. lv 315 5. 361 5. 382 ιι.
3885.

aconitum 533 5.

acor 495. 1865. 3745.

acorum 495. 1114365. 1v 4365.

acquietavit 157 5.

acquievit 11 715. 2065. 111 72 5.
lv 355 5.

acquisivit 2635 (2). 2665. 2695
(2). 290 5. 389 5. 11 193 ιι.
262 ιι. 490 5. 111 153 5. 159 ιι.
191 h. 424 ιι. 437 a. 508 ⁶. †
5095(2). IV 335. 1445. loon.
173 5. 182 ιι. 2765. 362 5. 363 ιι.5.
449 5. acquisitus f. 55. acqui-
situs 65. 111 515. 5095.

acquisitio 111 5095.

acrimonia 342 5. 3605. 3685. 3735
(2). 4265. 427 5. 11 297 ιι. 3185
(2). 3455.

ueritas 319 5 (2).

acritudo 254 5.

acrochordon 219 ιι.

acroterion 11 4145. 111 4145(2).

 

adegit

actio 1595. 2855. mam). 3915
(2). 11 1785. 4585.
5.·1- 2245. 3595. ·’· δοῦσα).
actor 11 375. 111 1915.
actuarius 11 5095.
actus· (subet.) u 4455.
acuit 18a. 385. aaa.
ιι.5. 3585. nea-4140. 4455. 11
aab. saluca). aaa. 1³²⁸. 9595.
3205. 3535. moad. *5.
4115. 4535. 111455. 515. lv
2515. 4135. 4685. aeuu- t.
3505.5. 4985. 11 885. mc·
4615. lv 4595. 4945. acu-
tus 35. 225. mb- fflbffl.
1295 (2). 221 5. 282·OE 5.
2065. 3045. assa. asum Ῥ
3555. 3585. 3835. 11 aab. 016!
5.-1· 935. 5. 955. 1655. ma·
2315. 2335. 3085. ³15⁶. 8015.
3615·(3). amaa). 488· (2).
5115. 5125(2). 111455. uu·
1711». 2135. 3705. ³⁷5·- 5565.
4595. 4665. 4675. 4095. lv
1205. 1295. 1535. 1555. noeb.
3315. 3465. 8625. ml. ma
(2). 413 5. 451 ιι. Mam). acu·
tior 2215. 11 olam. 111 mb-
aculeus aa. 1775. 4315. 111995.
3925(2). 4065. mast). 4655.

8051115560 385.1085 (2 ma. 5.
au. 935.

97a.165b.5aob.u1 2880.
1V 2165. 3195. 3325 (Dama
(2). 3895.

acuminatus 365. 11 935. 5. 5115
(2). 532 5. 111 45 5. 178 5.
3135. 5. lv 4055.

acus 35. 542ιιί2). 11 1015. 1565.
3375. 4065. 4315. 111 1125.
lv 287a(2).

acute 1085.

anniso. ποσί· 775. 111 4³1⁶.
4625. lv 965. 985(2). 2535.

adaequavit 111 120 5. ’

adamas 515. 11 352 5. noo. IV

adauicus 111 1225.

adaquavit 11 1685. 111 mb- lv
279 ιι.

adarces 111 493 ιι.

adauxit lv 487 5.

addidit 21 ιι. 11 2495. lv 1145.
additus f. 111 265. lV 8525.

additamentum 11 269 5. 4945.

additio 465.

addixit 175. 605. 3455 (2). 111
1345. 2065. 2105. 2375. 5115.
lv 113 5. 123 5. 2625. ⁴⁸⁷1.
addictus f. 605. 3455 (2). 111
134 5., 2065. 2105. 520 5. IV
1135. 1235. 1295. 1415. fflb.
addictus 422 5. 111211 5. mom).

adduxit 11 5 (2). †¹ 16 ιι. 2⁹ 5.
175 ιι. 237 5. 290 5. 328 ιι. 5.
392 5. 4485. 11 365. 62 5. 1545.
171 ιι. 267 5. 402 5. 469 5. 111

645. 1205. 3995. 4095. 4185. ‘

522 5. 1V 64 5. 228 ιι. 4545.
adductus f. 315. 2915(2). ad-
ductus 11 1545.

adegit 15 5. 16 5. 91 ιι. 2205.

265 5. 328 5. 477 5. 11 231 ιι.
5235. 1114035. lv 465. 875.
91 ιι. 1005. 2645. 3725. -in-

 

